11010000
11000101
10110110
10100100
10001111
01111010
01100101
01010011
01000100
00111001
00110100
00110101
00111011
01000111
01011000
01101101
10000100
10011101
10110101
11001100
11100000
11110000
11111010
11111111
11111101
11110110
11101001
11010111
11000010
10101010
10010010
01111010
01100101
01010011
01000101
00111101
00111010
00111101
01000101
01010011
01100100
01111000
10001110
10100011
10110111
11001000
11010100
11011100
11011110
11011010
11010000
11000001
10101101
10010110
01111100
01100011
01001001
00110011
00011111
00010001
00001000
00000101
00001000
00010000
00011110
00110000
01000100
01011011
01110001
10000110
10011000
10100110
10110000
10110100
10110010
10101010
10011101
10001100
01111000
01100001
01001010
00110100
00100001
00010001
00000101
00000000
00000000
00000110
00010010
00100011
00111000
01010000
01101010
10000011
10011011
10110000
11000010
11001110
11010100
11010101
